k=[-1.88
     -10.28
     -2.61
     -5.09
     -3.90
     -5.40
     -2.97
     -1.29
     -2.48
     -6.76
     -5.34
     -3.35
     -3.09
     8.89
     10.52
     7.51
     7.89
     -3.22
     4.52
     6.82
     5.65
     4.42
     -1.44
     -3.66
     -2.03
     -2.58
     -7.13
     -2.88
     -3.08
     -1.57
     -3.79
     2.11
     6.18
     7.04
     6.47
     8.03
     -7.09
     -8.03
     -2.83
     -3.76
     -3.50
     -3.26
     -7.69
     -2.63
     -6.15
     6.29
     7.49
     10.96
     7.20
     1.32
     -5.58
     -6.40
     -1.58
     -1.20];

u=[0.00
    0.00
    0.00
    0.00
    0.00];

U=[     -1	0	200	2000	0
	-1	0	5000	5000	0
	0	0	0	-1	100
	-1	0	0	300	3
	-1	0	0	30	3
	-1	0	0	25000	0];
